(
	(2009,14,6,5),
	(2009,14,10,8),
	(2009,15,2,10),
	(2009,15,1,5),
	(2009,16,10,1),
	(2010,14,9,5),
	(2010,14,4,3),
	(2010,15,1,4),
	(2010,15,2,9),
	(2010,16,9,4),
	(2011,14,1,10),
	(2011,14,7,2),
	(2011,15,5,2),
	(2011,15,3,1),
	(2011,16,3,2),
	(2012,14,1,7),
	(2012,14,4,9),
	(2012,15,6,9),
	(2012,15,2,1),
	(2012,16,1,9),
	(2013,14,2,10),
	(2013,14,9,3),
	(2013,15,4,3),
	(2013,15,7,10),
	(2013,16,4,10),
	(2014,14,4,10),
	(2014,14,5,7),
	(2014,15,6,5),
	(2014,15,3,10),
	(2014,16,6,3),
	(2015,14,6,8),
	(2015,14,5,3),
	(2015,15,7,6),
	(2015,15,4,3),
	(2015,16,7,4),
	(2016,14,4,8),
	(2016,14,6,7),
	(2016,15,2,4),
	(2016,15,5,6),
	(2016,16,6,2),
	)